123564789789231456456897123234675891891342567567918234345786912678129345912453678
123654879789321546456987213234765981891432657567198324912543768345876192678219435
564789312897123645231456978675891423918234756342567189129345867453678291786912534
123564978456897312789231645891342756567918423234675189345786291912453867678129534
978321546312654879645987213189432657423765981756198324867219435291543768534876192
312564987645897321978231654756918432189342765423675198534786219867129543291453876
564987312897321645231654978342765189675198423918432756129543867453876291786219534
798132645465798312132465978243576189819243756576819423354687291687921534921354867
654789123987123456321456789765891234432567891198234567543678912876912345219345678
132465897798132564465798231243576918819243675576819342687921453354687129921354786
879321564546987231213654897657198342981432675324765918192543786435876129768219453
987213546654879213321546879765981324198324657432657981543768192219435768876192435
654897132321564798987231465198342576432675819765918243219453687876129354543786921
564978132897312465231645798342756819675189243918423576129534687453867921786291354
231564978564897312897231645918342756675918423342675189453786291786129534129453867
465789213132456879798123546576891324819234657243567981921345768354678192687912435
564897213231564879897231546675918324342675981918342657129453768786129435453786192
879213645213546978546879312324657189981324756657981423435768291768192534192435867
654978321987312654321645987198423765765189432432756198876291543543867219219534876
987321456654987123321654789198432567432765891765198234543876912219543678876219345
465978231132645897798312564243756918576189342819423675354867129921534786687291453
465879312132546978798213645243657189819324756576981423687192534354768291921435867
213546789546879123879213456657981234981324567324657891435768912768192345192435678
564897132231564798897231465918342576342675819675918243129453687453786921786129354
132546897798213564465879231819324675576981342243657918921435786354768129687192453
213654897546987231879321564657198342324765918981432675192543786768219453435876129
312456987978123654645789321423567198189234765756891432291345876534678219867912543
978132654312465987645798321423576198189243765756819432291354876534687219867921543
978312564645978231312645897423756918756189342189423675534867129291534786867291453
312546789978213456645879123756981234423657891189324567867192345534768912291435678
465798231798132564132465897576819342819243675243576918687921453354687129921354786
897132654564798321231465987342576198918243765675819432786921543129354876453687219
213456879546789213879123546324567981981234657657891324435678192768912435192345768
465879231798213564132546897576981342243657918819324675921435786354768129687192453
321465798987132465654798132198243576432576819765819243876921354219354687543687921
564978213897312546231645879342756981675189324918423657786291435129534768453867192
798213546132546879465879213576981324819324657243657981921435768687192435354768192
213645879879312546546978213657189324324756981981423657768291435192534768435867192
798312564465978231132645897243756918576189342819423675687291453921534786354867129
546987231879321564213654897657198342981432675324765918192543786768219453435876129
654987132321654798987321465198432576765198243432765819219543687876219354543876921
879231456546897123213564789324675891657918234981342567192453678435786912768129345
465879231132546897798213564819324675243657918576981342354768129687192453921435786
321654987654987321987321654432765198765198432198432765543876219876219543219543876
312564987978231654645897321756918432423675198189342765291453876867129543534786219
465879213798213546132546879576981324243657981819324657354768192687192435921435768
987123564321456897654789231765891342432567918198234675876912453219345786543678129
312654879645987213978321546756198324423765981189432657867219435291543768534876192
879321654213654987546987321981432765324765198657198432435876219768219543192543876
978321456312654789645987123756198234423765891189432567291543678534876912867219345
879321456213654789546987123657198234981432567324765891192543678435876912768219345
564879312897213645231546978675981423918324756342657189786192534453768291129435867
789312564456978231123645897891423675234756918567189342912534786678291453345867129
654789213987123546321456879432567981198234657765891324876912435219345768543678192
123456987789123654456789321891234765567891432234567198678912543345678219912345876
132645789465978123798312456576189234243756891819423567921534678687291345354867912
879132456546798123213465789981243567324576891657819234768921345192354678435687912
654879213987213546321546879765981324432657981198324657219435768876192435543768192
465897123798231456132564789819342567576918234243675891921453678687129345354786912
231465987897132654564798321342576198675819432918243765129354876786921543453687219
465789132798123465132456798576891243819234576243567819921345687687912354354678921
321465789654798123987132456765819234432576891198243567219354678543687912876921345
132465879798132546465798213243576981576819324819243657354687192687921435921354768
456798321789132654123465987234576198891243765567819432345687219912354876678921543
321465789654798123987132456198243567432576891765819234219354678876921345543687912
123465798456798132789132465234576819891243576567819243678921354912354687345687921
132645897465978231798312564243756918819423675576189342354867129687291453921534786
321654879654987213987321546198432657432765981765198324876219435543876192219543768
312645879645978213978312546756189324423756981189423657534867192291534768867291435
321564978654897312987231645432675189765918423198342756876129534543786291219453867
564789312897123645231456978918234756342567189675891423129345867786912534453678291
654879123321546789987213456198324567432657891765981234219435678543768912876192345
564978123897312456231645789675189234918423567342756891786291345129534678453867912
798231456465897123132564789243675891576918234819342567354786912687129345921453678
465879213798213546132546879819324657243657981576981324921435768354768192687192435
312564789645897123978231456756918234189342567423675891867129345291453678534786912
321654789654987123987321456198432567432765891765198234219543678876219345543876912
132564897465897231798231564819342675243675918576918342921453786687129453354786129
897132564564798231231465897342576918675819342918243675129354786453687129786921453
789231546456897213123564879234675981567918324891342657678129435912453768345786192
123645987456978321789312654234756198891423765567189432912534876345867219678291543
231654879897321546564987213675198324342765981918432657129543768786219435453876192
654879312987213645321546978198324756432657189765981423543768291876192534219435867
654798231987132564321465897432576918765819342198243675219354786543687129876921453
456879312123546978789213645234657189891324756567981423678192534345768291912435867
132654987465987321798321654819432765243765198576198432921543876354876219687219543
645789132312456798978123465756891243189234576423567819534678921291345687867912354
879123546546789213213456879657891324324567981981234657768912435435678192192345768
645789132978123465312456798423567819756891243189234576534678921867912354291345687
798312465465978132132645798576189243243756819819423576354867921921534687687291354
132456879798123546465789213576891324819234657243567981354678192921345768687912435
897213456564879123231546789342657891918324567675981234129435678453768912786192345
312546978978213645645879312189324756423657189756981423291435867867192534534768291
231645978897312645564978312342756189675189423918423756453867291129534867786291534
456879123123546789789213456891324567567981234234657891912435678678192345345768912
654789213321456879987123546432567981765891324198234657219345768876912435543678192
798123654465789321132456987243567198576891432819234765354678219921345876687912543
897312456231645789564978123675189234918423567342756891129534678453867912786291345
564897321231564987897231654918342765675918432342675198786129543129453876453786219
645879213312546879978213546423657981756981324189324657534768192867192435291435768
132465897798132564465798231819243675576819342243576918354687129687921453921354786
321456897987123564654789231765891342198234675432567918876912453219345786543678129
312465987645798321978132654423576198189243765756819432534687219291354876867921543
654897123321564789987231456198342567765918234432675891543786912876129345219453678
897312564564978231231645897675189342342756918918423675129534786453867129786291453
879123465213456798546789132981234576324567819657891243768912354435678921192345687
456789321789123654123456987891234765567891432234567198678912543912345876345678219
312465978978132645645798312189243756756819423423576189867921534534687291291354867
645879123312546789978213456756981234189324567423657891291435678534768912867192345
321645879987312546654978213432756981765189324198423657543867192876291435219534768
987132546654798213321465879198243657765819324432576981219354768876921435543687192
546978213213645879879312546324756981981423657657189324768291435192534768435867192
546798132879132465213465798657819243324576819981243576768921354192354687435687921
987123645321456978654789312198234756765891423432567189876912534543678291219345867
978132465312465798645798132756819243189243576423576819534687921867921354291354687
897123654564789321231456987918234765342567198675891432786912543453678219129345876
231456978564789312897123645918234756675891423342567189129345867453678291786912534
987123546321456879654789213432567981198234657765891324876912435543678192219345768
645978132312645798978312465423756819756189243189423576867291354534867921291534687
213654978879321645546987312981432756324765189657198423435876291192543867768219534
654798321321465987987132654765819432198243765432576198543687219876921543219354876
213456879546789213879123546657891324981234657324567981192345768435678192768912435
456987321123654987789321654891432765567198432234765198678219543912543876345876219
654789312987123645321456978432567189765891423198234756219345867876912534543678291
897312564564978231231645897918423675675189342342756918453867129786291453129534786
897231645564897312231564978675918423918342756342675189786129534129453867453786291
897321465564987132231654798675198243918432576342765819786219354129543687453876921
312465897978132564645798231189243675756819342423576918867921453291354786534687129
456897123789231456123564789567918234891342567234675891678129345912453678345786912
321654789654987123987321456765198234432765891198432567876219345543876912219543678
978213564645879231312546897423657918756981342189324675867192453291435786534768129
321654978654987312987321645765198423432765189198432756543876291219543867876219534
897123564564789231231456897918234675675891342342567918786912453129345786453678129
654897213987231546321564879198342657432675981765918324219453768876129435543786192
456978321123645987789312654567189432234756198891423765912534876678291543345867219
546789123213456789879123456324567891981234567657891234768912345435678912192345678
879123654213456987546789321324567198657891432981234765768912543192345876435678219
645798312312465978978132645189243756423576189756819423867921534534687291291354867
312645879978312546645978213189423657423756981756189324867291435291534768534867192
456789312789123645123456978891234756234567189567891423345678291678912534912345867
564789321897123654231456987675891432342567198918234765129345876786912543453678219
789213456123546789456879123891324567567981234234657891678192345345768912912435678
132564789798231456465897123576918234243675891819342567921453678687129345354786912
654789123987123456321456789765891234432567891198234567543678912219345678876912345
213546897546879231879213564324657918657981342981324675435768129768192453192435786
798123465132456798465789132243567819819234576576891243921345687354678921687912354
789213546123546879456879213234657981891324657567981324345768192678192435912435768
564798231897132564231465897342576918675819342918243675129354786786921453453687129
789123546456789213123456879567891324891234657234567981678912435345678192912345768
321465879654798213987132546432576981765819324198243657219354768876921435543687192
132654789465987123798321456819432567243765891576198234354876912921543678687219345
213645879546978213879312546324756981657189324981423657768291435192534768435867192
978213645312546978645879312189324756423657189756981423291435867867192534534768291
132546897798213564465879231819324675243657918576981342687192453354768129921435786
645879123312546789978213456189324567756981234423657891867192345291435678534768912
879213564213546897546879231657981342981324675324657918192435786435768129768192453
465897321132564987798231654819342765576918432243675198687129543921453876354786219
321645987987312654654978321432756198765189432198423765543867219876291543219534876
978132456312465789645798123189243567756819234423576891291354678867921345534687912
879231465213564798546897132324675819657918243981342576192453687768129354435786921
654978123987312456321645789432756891198423567765189234219534678543867912876291345
789312645123645978456978312891423756234756189567189423678291534912534867345867291
132456978465789312798123645819234756576891423243567189354678291687912534921345867
213546789879213456546879123981324567657981234324657891768192345435768912192435678
231465897897132564564798231675819342918243675342576918129354786786921453453687129
879132654213465987546798321324576198657819432981243765435687219192354876768921543
456789321123456987789123654891234765234567198567891432678912543912345876345678219
789213546123546879456879213567981324891324657234657981345768192912435768678192435
132654987798321654465987321576198432243765198819432765354876219687219543921543876
213546879546879213879213546324657981657981324981324657768192435435768192192435768
789123465456789132123456798891234576234567819567891243912345687678912354345678921
645897321978231654312564987189342765756918432423675198867129543534786219291453876
213456879879123546546789213981234657324567981657891324192345768435678192768912435
231645978897312645564978312342756189918423756675189423453867291129534867786291534
312546987645879321978213654756981432189324765423657198291435876534768219867192543
213465879546798213879132546657819324324576981981243657435687192768921435192354768
312564978978231645645897312756918423423675189189342756291453867867129534534786291
654897231987231564321564897198342675432675918765918342876129453543786129219453786
546789312879123645213456978981234756324567189657891423768912534192345867435678291
789213465456879132123546798234657819567981243891324576345768921912435687678192354
123564789456897123789231456567918234234675891891342567678129345912453678345786912
231654987564987321897321654675198432918432765342765198129543876453876219786219543
465879213132546879798213546243657981576981324819324657921435768687192435354768192
312465798978132465645798132423576819756819243189243576291354687867921354534687921
456789213789123546123456879891234657567891324234567981678912435345678192912345768
465978213798312546132645879243756981576189324819423657921534768354867192687291435
231456978897123645564789312675891423342567189918234756786912534453678291129345867
798213465465879132132546798576981243243657819819324576687192354354768921921435687
465798321798132654132465987819243765243576198576819432921354876354687219687921543
465987231798321564132654897576198342819432675243765918354876129921543786687219453
546897312213564978879231645657918423324675189981342756192453867435786291768129534
132564789798231456465897123819342567576918234243675891921453678687129345354786912
654879123321546789987213456198324567765981234432657891543768912876192345219435678
123654789456987123789321456567198234891432567234765891678219345912543678345876912
456897231123564897789231564234675918567918342891342675912453786345786129678129453
123546987456879321789213654891324765567981432234657198345768219912435876678192543
978321564645987231312654897189432675756198342423765918867219453534876129291543786
798321564465987231132654897576198342243765918819432675354876129921543786687219453
123546879789213546456879213567981324891324657234657981345768192912435768678192435
465879123798213456132546789243657891819324567576981234687192345354768912921435678
321465798987132465654798132765819243198243576432576819219354687543687921876921354
456897321123564987789231654891342765234675198567918432912453876345786219678129543
978312546645978213312645879756189324423756981189423657867291435534867192291534768
546978132879312465213645798324756819657189243981423576435867921192534687768291354
321564798987231465654897132432675819765918243198342576543786921219453687876129354
213465987879132654546798321657819432981243765324576198768921543435687219192354876
564897321231564987897231654342675198675918432918342765786129543129453876453786219
897312456564978123231645789918423567342756891675189234786291345129534678453867912
312546987645879321978213654756981432189324765423657198867192543291435876534768219
546798132879132465213465798657819243981243576324576819768921354435687921192354687
321546987654879321987213654765981432198324765432657198543768219219435876876192543
654897231987231564321564897765918342432675918198342675219453786876129453543786129
789321654456987321123654987234765198891432765567198432912543876345876219678219543
879321465546987132213654798981432576324765819657198243435876921192543687768219354
132456978798123645465789312819234756576891423243567189687912534354678291921345867
798312654465978321132645987819423765576189432243756198687291543354867219921534876
213546798546879132879213465324657819657981243981324576768192354192435687435768921
231465987564798321897132654675819432918243765342576198786921543453687219129354876
456987321789321654123654987891432765234765198567198432678219543912543876345876219
456798231789132564123465897891243675567819342234576918678921453345687129912354786
132654789465987123798321456576198234819432567243765891687219345921543678354876912
987321645654987312321654978765198423198432756432765189219543867543876291876219534
123465897456798231789132564567819342891243675234576918912354786678921453345687129
465789321132456987798123654576891432819234765243567198921345876687912543354678219
132564897465897231798231564243675918576918342819342675687129453354786129921453786
897312465564978132231645798675189243918423576342756819786291354453867921129534687
978231564312564897645897231189342675756918342423675918867129453534786129291453786
645879123978213456312546789189324567756981234423657891534768912867192345291435678
465789312798123645132456978576891423819234756243567189687912534921345867354678291
897213654231546987564879321918324765675981432342657198453768219786192543129435876
465987231132654897798321564819432675576198342243765918354876129687219453921543786
978132654312465987645798321756819432189243765423576198291354876867921543534687219
879231546213564879546897213981342657324675981657918324768129435192453768435786192
798213546132546879465879213243657981819324657576981324354768192921435768687192435
978312456645978123312645789423756891756189234189423567291534678867291345534867912
231546978897213645564879312342657189918324756675981423453768291129435867786192534
798132465132465798465798132243576819576819243819243576921354687354687921687921354
897132546231465879564798213342576981675819324918243657129354768453687192786921435
987312546654978213321645879432756981765189324198423657876291435543867192219534768
789123645456789312123456978567891423891234756234567189678912534345678291912345867
456978123789312456123645789234756891891423567567189234345867912678291345912534678
132465897465798231798132564819243675576819342243576918354687129687921453921354786
564798132231465798897132465918243576675819243342576819129354687786921354453687921
789231456123564789456897123567918234891342567234675891912453678678129345345786912
645789231312456897978123564189234675423567918756891342534678129291345786867912453
321564798987231465654897132765918243198342576432675819543786921876129354219453687
879321546546987213213654879324765981981432657657198324435876192192543768768219435
321546789987213456654879123198324567432657891765981234543768912219435678876192345
897312645231645978564978312918423756675189423342756189453867291129534867786291534
312645987645978321978312654756189432189423765423756198867291543534867219291534876
312465798645798132978132465189243576756819243423576819534687921291354687867921354
312564897645897231978231564423675918756918342189342675291453786534786129867129453
132546897465879231798213564576981342243657918819324675921435786687192453354768129
321654789654987123987321456765198234432765891198432567219543678543876912876219345
654789312987123645321456978765891423198234756432567189219345867876912534543678291
645879312312546978978213645423657189189324756756981423867192534534768291291435867
456987132123654798789321465567198243891432576234765819912543687345876921678219354
789123456456789123123456789234567891567891234891234567912345678345678912678912345
123645987456978321789312654567189432234756198891423765678291543912534876345867219
645798321312465987978132654423576198189243765756819432534687219867921543291354876
798312546465978213132645879819423657576189324243756981921534768354867192687291435
654897312321564978987231645432675189765918423198342756543786291219453867876129534
465897123798231456132564789576918234243675891819342567687129345354786912921453678
132546789798213456465879123576981234243657891819324567687192345921435678354768912
987132456321465789654798123765819234198243567432576891543687912876921345219354678
546897312879231645213564978324675189657918423981342756768129534435786291192453867
654897231987231564321564897198342675765918342432675918543786129876129453219453786
789321465123654798456987132234765819891432576567198243678219354912543687345876921
465789231132456897798123564819234675243567918576891342687912453354678129921345786
213546789546879123879213456657981234981324567324657891768192345192435678435768912
465978231132645897798312564576189342243756918819423675687291453354867129921534786
564789123897123456231456789918234567675891234342567891129345678786912345453678912
879321465213654798546987132981432576324765819657198243192543687768219354435876921
564897312897231645231564978675918423342675189918342756453786291786129534129453867
987213465321546798654879132198324576765981243432657819876192354543768921219435687
456897312123564978789231645891342756234675189567918423678129534912453867345786291
789231546123564879456897213891342657567918324234675981912453768678129435345786192
132465798465798132798132465576819243819243576243576819687921354354687921921354687
465879231132546897798213564819324675243657918576981342687192453921435786354768129
312654987645987321978321654756198432189432765423765198867219543291543876534876219
123645789789312456456978123567189234234756891891423567345867912912534678678291345
789213645456879312123546978234657189891324756567981423912435867678192534345768291
312654897645987231978321564423765918756198342189432675534876129291543786867219453
132465987465798321798132654243576198576819432819243765687921543354687219921354876
546978213213645879879312546324756981657189324981423657435867192768291435192534768
978321546645987213312654879423765981189432657756198324534876192867219435291543768
645897312312564978978231645756918423189342756423675189867129534534786291291453867
465879213132546879798213546576981324819324657243657981921435768354768192687192435
879312465213645798546978132657189243324756819981423576192534687768291354435867921
879321564546987231213654897657198342324765918981432675435876129768219453192543786
978123564645789231312456897756891342423567918189234675534678129867912453291345786
465798312132465978798132645819243756243576189576819423687921534354687291921354867
123654978456987312789321645567198423234765189891432756345876291678219534912543867
978312465645978132312645798189423576756189243423756819534867921867291354291534687
132546897798213564465879231243657918819324675576981342921435786354768129687192453
546987123879321456213654789657198234324765891981432567768219345192543678435876912
789123645123456978456789312567891423234567189891234756678912534912345867345678291
978123645645789312312456978189234756756891423423567189867912534534678291291345867
132546879465879213798213546576981324243657981819324657354768192921435768687192435
789312645123645978456978312567189423891423756234756189345867291678291534912534867